octave:1> freq =  23.8000000000000
no coherent layers detected: 23.800000GHz
gai =

   88.826154593364009
    0.300100865884573
    0.300091125903304
    0.300081382700790
    0.300071636274379
    0.300061886621175
    0.300052133739025
    0.300042377625028
    0.300032618276535
    0.300022855691143
    0.300013089865953

Tbh =  191.008515160137
Tbv =  259.566401384407
freq =  31.4000000000000
no coherent layers detected: 31.400000GHz
gai =

   132.537378738582106
     0.522363323967546
     0.522346370299069
     0.522329411023569
     0.522312446136168
     0.522295475632646
     0.522278499508288
     0.522261517758544
     0.522244530379029
     0.522227537364864
     0.522210538711662

Tbh =  190.973652811397
Tbv =  259.519023309560
freq =  50.3000000000000
no coherent layers detected: 50.300000GHz
gai =

   230.21997239746258
     1.34044661064219
     1.34040310545450
     1.34035958587859
     1.34031605190216
     1.34027250351397
     1.34022894070199
     1.34018536345472
     1.34014177176066
     1.34009816560750
     1.34005454498374

Tbh =  190.954101777624
Tbv =  259.492454902627
freq =  52.8000000000000
no coherent layers detected: 52.800000GHz
gai =

   241.24157690120066
     1.47700315935337
     1.47695522211204
     1.47690726901651
     1.47685930005412
     1.47681131521138
     1.47676331447590
     1.47671529783419
     1.47666726527384
     1.47661921678165
     1.47657115234452

Tbh =  190.953634222875
Tbv =  259.491819530415
freq =  53.5960000000000
no coherent layers detected: 53.596000GHz
gai =

   244.65269298788644
     1.52187276621327
     1.52182337269218
     1.52177396283531
     1.52172453662923
     1.52167509406080
     1.52162563511616
     1.52157615978286
     1.52152666804678
     1.52147715989518
     1.52142763531435

Tbh =  190.953519912272
Tbv =  259.491664190788
freq =  54.4000000000000
no coherent layers detected: 54.400000GHz
gai =

   248.05035014781240
     1.56787486366543
     1.56782397710854
     1.56777307372199
     1.56772215349187
     1.56767121640482
     1.56762026244706
     1.56756929160466
     1.56751830386411
     1.56746729921148
     1.56741627763299

Tbh =  190.953418414024
Tbv =  259.491526262199
freq =  54.9400000000000
no coherent layers detected: 54.940000GHz
gai =

   250.30556715376724
     1.59915630533183
     1.59910440351023
     1.59905248452283
     1.59900054835599
     1.59894859499577
     1.59889662442783
     1.59884463663907
     1.59879263161444
     1.59874060934056
     1.59868856980336

Tbh =  190.953357355853
Tbv =  259.491443288675
freq =  55.5000000000000
no coherent layers detected: 55.500000GHz
gai =

   252.62169024922926
     1.63192267820267
     1.63186971292130
     1.63181673012250
     1.63176372979206
     1.63171071191619
     1.63165767647992
     1.63160462346947
     1.63155155287061
     1.63149846466883
     1.63144535885003

Tbh =  190.953299541189
Tbv =  259.491364722836
freq =  57.2900000000000
no coherent layers detected: 57.290000GHz
gai =

   259.87192060364123
     1.73888666970155
     1.73883023281420
     1.73877377726107
     1.73871730302775
     1.73866081009863
     1.73860429845853
     1.73854776809216
     1.73849121898449
     1.73843465112036
     1.73837806448444

Tbh =  190.953147411768
Tbv =  259.491157990241
freq =  57.2900000000000
no coherent layers detected: 57.290000GHz
gai =

   259.87192060364123
     1.73888666970155
     1.73883023281420
     1.73877377726107
     1.73871730302775
     1.73866081009863
     1.73860429845853
     1.73854776809216
     1.73849121898449
     1.73843465112036
     1.73837806448444

Tbh =  190.953147411768
Tbv =  259.491157990241
freq =  57.2900000000000
no coherent layers detected: 57.290000GHz
gai =

   259.87192060364123
     1.73888666970155
     1.73883023281420
     1.73877377726107
     1.73871730302775
     1.73866081009863
     1.73860429845853
     1.73854776809216
     1.73849121898449
     1.73843465112036
     1.73837806448444

Tbh =  190.953147411768
Tbv =  259.491157990241
freq =  57.2900000000000
no coherent layers detected: 57.290000GHz
gai =

   259.87192060364123
     1.73888666970155
     1.73883023281420
     1.73877377726107
     1.73871730302775
     1.73866081009863
     1.73860429845853
     1.73854776809216
     1.73849121898449
     1.73843465112036
     1.73837806448444

Tbh =  190.953147411768
Tbv =  259.491157990241
freq =  57.2900000000000
no coherent layers detected: 57.290000GHz
gai =

   259.87192060364123
     1.73888666970155
     1.73883023281420
     1.73877377726107
     1.73871730302775
     1.73866081009863
     1.73860429845853
     1.73854776809216
     1.73849121898449
     1.73843465112036
     1.73837806448444

Tbh =  190.953147411768
Tbv =  259.491157990241
freq =  57.2900000000000
no coherent layers detected: 57.290000GHz
gai =

   259.87192060364123
     1.73888666970155
     1.73883023281420
     1.73877377726107
     1.73871730302775
     1.73866081009863
     1.73860429845853
     1.73854776809216
     1.73849121898449
     1.73843465112036
     1.73837806448444

Tbh =  190.953147411768
Tbv =  259.491157990241
freq =  89
no coherent layers detected: 89.000000GHz
gai =

   355.46297206788182
     4.19656697141485
     4.19643076816224
     4.19629451986323
     4.19615822648114
     4.19602188797927
     4.19588550432117
     4.19574907547014
     4.19561260138948
     4.19547608204157
     4.19533951739086

Tbh =  190.952764633608
Tbv =  259.490637823125
freq =  88.9900000000000
no coherent layers detected: 88.990000GHz
gai =

   355.44080590376490
     4.19562397374238
     4.19548780109567
     4.19535158341265
     4.19521532065686
     4.19507901279163
     4.19494265978027
     4.19480626158561
     4.19466981817144
     4.19453332950081
     4.19439679553705

Tbh =  190.952764634143
Tbv =  259.490637823853
freq =  149.992000000000
no coherent layers detected: 149.992000GHz
gai =

   440.9213518471138
    11.9193327378024
    11.9189458811067
    11.9185588964668
    11.9181717837795
    11.9177845429397
    11.9173971738440
    11.9170096763881
    11.9166220504675
    11.9162342959775
    11.9158464128141

Tbh =  190.952764451200
Tbv =  259.490637575247
freq =  183.311000000000
no coherent layers detected: 183.311000GHz
gai =

   465.5282903547865
    17.8030343026930
    17.8024564782611
    17.8018784627282
    17.8013002559391
    17.8007218577383
    17.8001432679698
    17.7995644864790
    17.7989855131090
    17.7984063477045
    17.7978269901090

Tbh =  190.952764451200
Tbv =  259.490637575247
freq =  183.311000000000
no coherent layers detected: 183.311000GHz
gai =

   465.5282903547865
    17.8030343026930
    17.8024564782611
    17.8018784627282
    17.8013002559391
    17.8007218577383
    17.8001432679698
    17.7995644864790
    17.7989855131090
    17.7984063477045
    17.7978269901090

Tbh =  190.952764451200
Tbv =  259.490637575247
freq =  190.311000000000
no coherent layers detected: 190.311000GHz
gai =

   469.8025284311047
    19.1886776089812
    19.1880548101489
    19.1874318053416
    19.1868085943927
    19.1861851771334
    19.1855615533970
    19.1849377230154
    19.1843136858205
    19.1836894416448
    19.1830649903192

Tbh =  190.952764451200
Tbv =  259.490637575247
freq =  6.92500000000000
no coherent layers detected: 6.925000GHz
gai =

   11.0516924112173811
    0.0254069675404297
    0.0254061429400858
    0.0254053180668292
    0.0254044929207907
    0.0254036675016669
    0.0254028418090100
    0.0254020158428062
    0.0254011896027521
    0.0254003630886890
    0.0253995363003138

Tbh =  206.189079241741
Tbv =  262.876248122897
freq =  10.6500000000000
no coherent layers detected: 10.650000GHz
