freq =

   6.925000000000000

no coherent layers detected: 6.925GHz

gai =

  11.051692411217381
   0.025406967540430
   0.025406142940086
   0.025405318066974
   0.025404492920791
   0.025403667501667
   0.025402841809010
   0.025402015842806
   0.025401189602752
   0.025400363088689
   0.025399536300314


Tbh =

    2.431911257780832e+002


Tbv =

    2.438832660140133e+002


freq =

  10.650000000000000

no coherent layers detected: 10.65GHz

gai =

  23.076375063158640
   0.060091424596177
   0.060089474287914
   0.060087523334878
   0.060085571736147
   0.060083619491466
   0.060081666600021
   0.060079713061671
   0.060077758875491
   0.060075804041115
   0.060073848558176


Tbh =

    2.401945290631705e+002


Tbv =

    2.418179283236415e+002


freq =

  18.699999999999999

no coherent layers detected: 18.7GHz

gai =

  60.541579260831028
   0.185266340687584
   0.185260327741433
   0.185254312806126
   0.185248295880976
   0.185242276963929
   0.185236256053124
   0.185230233147485
   0.185224208244955
   0.185218181343871
   0.185212152442959


Tbh =

    2.366051076660405e+002


Tbv =

    2.416850639185110e+002


freq =

  23.800000000000001

no coherent layers detected: 23.8GHz

gai =

  88.826154593364251
   0.300100865884573
   0.300091125903553
   0.300081382700790
   0.300071636274379
   0.300061886621424
   0.300052133739025
   0.300042377625277
   0.300032618276535
   0.300022855691143
   0.300013089865953


Tbh =

    2.347081787576529e+002


Tbv =

    2.431083590818011e+002


freq =

  36.500000000000000

no coherent layers detected: 36.5GHz

gai =

  1.0e+002 *

   1.611029653806374
   0.007058284306790
   0.007058055225157
   0.007057826067757
   0.007057596834532
   0.007057367525419
   0.007057138140356
   0.007056908679283
   0.007056679142137
   0.007056449528858
   0.007056219839379


Tbh =

    2.272420529403766e+002


Tbv =

    2.484896762213369e+002


freq =

    89

no coherent layers detected: 89GHz

gai =

  1.0e+002 *

   3.554629720678818
   0.041965669714149
   0.041964307681622
   0.041962945198632
   0.041961582264814
   0.041960218879793
   0.041958855043212
   0.041957490754701
   0.041956126013893
   0.041954760820416
   0.041953395173909


Tbh =

  11.994716882313707


Tbv =

  36.229760440835314